{
 "cells": [
  {
   "cell_type": "code",
   "execution_count": 29,
   "id": "d2e96e20",
   "metadata": {},
   "outputs": [],
   "source": [
    "import pandas as pd\n",
    "import numpy as np\n",
    "import matplotlib.pyplot as plt\n",
    "import seaborn\n",
    "import os\n",
    "from sklearn.linear_model import LinearRegression\n",
    "from sklearn.preprocessing import PolynomialFeatures"
   ]
  },
  {
   "cell_type": "markdown",
   "id": "9bb5d26b",
   "metadata": {},
   "source": [
    "## Paths to Files"
   ]
  },
  {
   "cell_type": "code",
   "execution_count": 2,
   "id": "a4ea9f09",
   "metadata": {},
   "outputs": [],
   "source": [
    "BASE_DIR_PATH = '/Users/neilb/Documents/dsci_thesis/'\n",
    "DATA_PATH = 'Scraping_and_Cleaning'"
   ]
  },
  {
   "cell_type": "code",
   "execution_count": 3,
   "id": "20bc50ef",
   "metadata": {},
   "outputs": [],
   "source": [
    "DATASET_FILE = os.path.join(BASE_DIR_PATH, DATA_PATH, 'data_2022.csv')"
   ]
  },
  {
   "cell_type": "markdown",
   "id": "a3e5f0dd",
   "metadata": {},
   "source": [
    "## Load Dataset"
   ]
  },
  {
   "cell_type": "code",
   "execution_count": 4,
   "id": "8a0c42ce",
   "metadata": {},
   "outputs": [
    {
     "data": {
      "text/html": [
       "<div>\n",
       "<style scoped>\n",
       "    .dataframe tbody tr th:only-of-type {\n",
       "        vertical-align: middle;\n",
       "    }\n",
       "\n",
       "    .dataframe tbody tr th {\n",
       "        vertical-align: top;\n",
       "    }\n",
       "\n",
       "    .dataframe thead th {\n",
       "        text-align: right;\n",
       "    }\n",
       "</style>\n",
       "<table border=\"1\" class=\"dataframe\">\n",
       "  <thead>\n",
       "    <tr style=\"text-align: right;\">\n",
       "      <th></th>\n",
       "      <th>datetime</th>\n",
       "      <th>water_level</th>\n",
       "      <th>station</th>\n",
       "      <th>1hr</th>\n",
       "      <th>3hr</th>\n",
       "      <th>6hr</th>\n",
       "      <th>12hr</th>\n",
       "      <th>24hr</th>\n",
       "    </tr>\n",
       "  </thead>\n",
       "  <tbody>\n",
       "    <tr>\n",
       "      <th>0</th>\n",
       "      <td>2022-01-01</td>\n",
       "      <td>11.64</td>\n",
       "      <td>Airport (PAGASA)</td>\n",
       "      <td>0.0</td>\n",
       "      <td>0.0</td>\n",
       "      <td>0.0</td>\n",
       "      <td>0.0</td>\n",
       "      <td>0.0</td>\n",
       "    </tr>\n",
       "    <tr>\n",
       "      <th>1</th>\n",
       "      <td>2022-01-01</td>\n",
       "      <td>11.64</td>\n",
       "      <td>Antipolo</td>\n",
       "      <td>0.0</td>\n",
       "      <td>0.0</td>\n",
       "      <td>0.0</td>\n",
       "      <td>0.0</td>\n",
       "      <td>0.0</td>\n",
       "    </tr>\n",
       "    <tr>\n",
       "      <th>2</th>\n",
       "      <td>2022-01-01</td>\n",
       "      <td>11.64</td>\n",
       "      <td>Bagong Nayon</td>\n",
       "      <td>0.0</td>\n",
       "      <td>0.0</td>\n",
       "      <td>0.0</td>\n",
       "      <td>0.0</td>\n",
       "      <td>0.0</td>\n",
       "    </tr>\n",
       "    <tr>\n",
       "      <th>3</th>\n",
       "      <td>2022-01-01</td>\n",
       "      <td>11.64</td>\n",
       "      <td>Boso Boso</td>\n",
       "      <td>0.0</td>\n",
       "      <td>0.0</td>\n",
       "      <td>0.0</td>\n",
       "      <td>0.0</td>\n",
       "      <td>0.0</td>\n",
       "    </tr>\n",
       "    <tr>\n",
       "      <th>4</th>\n",
       "      <td>2022-01-01</td>\n",
       "      <td>11.64</td>\n",
       "      <td>Calawis</td>\n",
       "      <td>0.0</td>\n",
       "      <td>0.0</td>\n",
       "      <td>0.0</td>\n",
       "      <td>0.0</td>\n",
       "      <td>0.0</td>\n",
       "    </tr>\n",
       "  </tbody>\n",
       "</table>\n",
       "</div>"
      ],
      "text/plain": [
       "    datetime  water_level           station  1hr  3hr  6hr  12hr  24hr\n",
       "0 2022-01-01        11.64  Airport (PAGASA)  0.0  0.0  0.0   0.0   0.0\n",
       "1 2022-01-01        11.64          Antipolo  0.0  0.0  0.0   0.0   0.0\n",
       "2 2022-01-01        11.64      Bagong Nayon  0.0  0.0  0.0   0.0   0.0\n",
       "3 2022-01-01        11.64         Boso Boso  0.0  0.0  0.0   0.0   0.0\n",
       "4 2022-01-01        11.64           Calawis  0.0  0.0  0.0   0.0   0.0"
      ]
     },
     "execution_count": 4,
     "metadata": {},
     "output_type": "execute_result"
    }
   ],
   "source": [
    "df = pd.read_csv(DATASET_FILE)\n",
    "df['datetime'] = pd.to_datetime(df['datetime']) # parsing column to datetime as it is read as string\n",
    "df.head()"
   ]
  },
  {
   "cell_type": "markdown",
   "id": "9135b787",
   "metadata": {},
   "source": [
    "## Basic dataset information"
   ]
  },
  {
   "cell_type": "code",
   "execution_count": 5,
   "id": "65bf46f1",
   "metadata": {},
   "outputs": [
    {
     "name": "stdout",
     "output_type": "stream",
     "text": [
      "<class 'pandas.core.frame.DataFrame'>\n",
      "RangeIndex: 227786 entries, 0 to 227785\n",
      "Data columns (total 8 columns):\n",
      " #   Column       Non-Null Count   Dtype         \n",
      "---  ------       --------------   -----         \n",
      " 0   datetime     227786 non-null  datetime64[ns]\n",
      " 1   water_level  227786 non-null  float64       \n",
      " 2   station      227786 non-null  object        \n",
      " 3   1hr          227786 non-null  float64       \n",
      " 4   3hr          227786 non-null  float64       \n",
      " 5   6hr          227786 non-null  float64       \n",
      " 6   12hr         227786 non-null  float64       \n",
      " 7   24hr         227786 non-null  float64       \n",
      "dtypes: datetime64[ns](1), float64(6), object(1)\n",
      "memory usage: 13.9+ MB\n"
     ]
    }
   ],
   "source": [
    "df.info()"
   ]
  },
  {
   "cell_type": "code",
   "execution_count": 6,
   "id": "e6d2a2d4",
   "metadata": {
    "scrolled": true
   },
   "outputs": [
    {
     "data": {
      "text/html": [
       "<div>\n",
       "<style scoped>\n",
       "    .dataframe tbody tr th:only-of-type {\n",
       "        vertical-align: middle;\n",
       "    }\n",
       "\n",
       "    .dataframe tbody tr th {\n",
       "        vertical-align: top;\n",
       "    }\n",
       "\n",
       "    .dataframe thead th {\n",
       "        text-align: right;\n",
       "    }\n",
       "</style>\n",
       "<table border=\"1\" class=\"dataframe\">\n",
       "  <thead>\n",
       "    <tr style=\"text-align: right;\">\n",
       "      <th></th>\n",
       "      <th>water_level</th>\n",
       "      <th>1hr</th>\n",
       "      <th>3hr</th>\n",
       "      <th>6hr</th>\n",
       "      <th>12hr</th>\n",
       "      <th>24hr</th>\n",
       "    </tr>\n",
       "  </thead>\n",
       "  <tbody>\n",
       "    <tr>\n",
       "      <th>count</th>\n",
       "      <td>227786.000000</td>\n",
       "      <td>227786.000000</td>\n",
       "      <td>227786.000000</td>\n",
       "      <td>227786.000000</td>\n",
       "      <td>227786.000000</td>\n",
       "      <td>227786.000000</td>\n",
       "    </tr>\n",
       "    <tr>\n",
       "      <th>mean</th>\n",
       "      <td>11.822432</td>\n",
       "      <td>0.212392</td>\n",
       "      <td>0.637735</td>\n",
       "      <td>1.275366</td>\n",
       "      <td>2.550725</td>\n",
       "      <td>5.101611</td>\n",
       "    </tr>\n",
       "    <tr>\n",
       "      <th>std</th>\n",
       "      <td>0.714462</td>\n",
       "      <td>1.760464</td>\n",
       "      <td>3.715819</td>\n",
       "      <td>5.821120</td>\n",
       "      <td>9.058985</td>\n",
       "      <td>14.045297</td>\n",
       "    </tr>\n",
       "    <tr>\n",
       "      <th>min</th>\n",
       "      <td>10.980000</td>\n",
       "      <td>0.000000</td>\n",
       "      <td>0.000000</td>\n",
       "      <td>0.000000</td>\n",
       "      <td>0.000000</td>\n",
       "      <td>0.000000</td>\n",
       "    </tr>\n",
       "    <tr>\n",
       "      <th>25%</th>\n",
       "      <td>11.280000</td>\n",
       "      <td>0.000000</td>\n",
       "      <td>0.000000</td>\n",
       "      <td>0.000000</td>\n",
       "      <td>0.000000</td>\n",
       "      <td>0.000000</td>\n",
       "    </tr>\n",
       "    <tr>\n",
       "      <th>50%</th>\n",
       "      <td>11.590000</td>\n",
       "      <td>0.000000</td>\n",
       "      <td>0.000000</td>\n",
       "      <td>0.000000</td>\n",
       "      <td>0.000000</td>\n",
       "      <td>0.000000</td>\n",
       "    </tr>\n",
       "    <tr>\n",
       "      <th>75%</th>\n",
       "      <td>12.240000</td>\n",
       "      <td>0.000000</td>\n",
       "      <td>0.000000</td>\n",
       "      <td>0.000000</td>\n",
       "      <td>0.000000</td>\n",
       "      <td>2.500000</td>\n",
       "    </tr>\n",
       "    <tr>\n",
       "      <th>max</th>\n",
       "      <td>18.500000</td>\n",
       "      <td>97.000000</td>\n",
       "      <td>161.500000</td>\n",
       "      <td>163.000000</td>\n",
       "      <td>163.000000</td>\n",
       "      <td>209.000000</td>\n",
       "    </tr>\n",
       "  </tbody>\n",
       "</table>\n",
       "</div>"
      ],
      "text/plain": [
       "         water_level            1hr            3hr            6hr  \\\n",
       "count  227786.000000  227786.000000  227786.000000  227786.000000   \n",
       "mean       11.822432       0.212392       0.637735       1.275366   \n",
       "std         0.714462       1.760464       3.715819       5.821120   \n",
       "min        10.980000       0.000000       0.000000       0.000000   \n",
       "25%        11.280000       0.000000       0.000000       0.000000   \n",
       "50%        11.590000       0.000000       0.000000       0.000000   \n",
       "75%        12.240000       0.000000       0.000000       0.000000   \n",
       "max        18.500000      97.000000     161.500000     163.000000   \n",
       "\n",
       "                12hr           24hr  \n",
       "count  227786.000000  227786.000000  \n",
       "mean        2.550725       5.101611  \n",
       "std         9.058985      14.045297  \n",
       "min         0.000000       0.000000  \n",
       "25%         0.000000       0.000000  \n",
       "50%         0.000000       0.000000  \n",
       "75%         0.000000       2.500000  \n",
       "max       163.000000     209.000000  "
      ]
     },
     "execution_count": 6,
     "metadata": {},
     "output_type": "execute_result"
    }
   ],
   "source": [
    "df.describe()"
   ]
  },
  {
   "cell_type": "markdown",
   "id": "80a31c44",
   "metadata": {},
   "source": [
    "## Trials on Correlation"
   ]
  },
  {
   "cell_type": "markdown",
   "id": "b0636aa9",
   "metadata": {},
   "source": [
    "### Normal Column-pairwise Pearson Correlation"
   ]
  },
  {
   "cell_type": "code",
   "execution_count": 7,
   "id": "ec21fdef",
   "metadata": {
    "scrolled": true
   },
   "outputs": [
    {
     "name": "stdout",
     "output_type": "stream",
     "text": [
      "Airport (PAGASA)\n",
      "             water_level       1hr       3hr       6hr      12hr      24hr\n",
      "water_level     1.000000  0.193161  0.298268  0.386718  0.469052  0.513460\n",
      "1hr             0.193161  1.000000  0.572381  0.397310  0.328206  0.249952\n",
      "3hr             0.298268  0.572381  1.000000  0.782216  0.597803  0.442086\n",
      "6hr             0.386718  0.397310  0.782216  1.000000  0.798942  0.599157\n",
      "12hr            0.469052  0.328206  0.597803  0.798942  1.000000  0.796749\n",
      "24hr            0.513460  0.249952  0.442086  0.599157  0.796749  1.000000\n",
      "\n",
      "\n",
      "Antipolo\n",
      "             water_level       1hr       3hr       6hr      12hr      24hr\n",
      "water_level     1.000000  0.155895  0.252754  0.347149  0.433523  0.485488\n",
      "1hr             0.155895  1.000000  0.680736  0.499851  0.374608  0.278407\n",
      "3hr             0.252754  0.680736  1.000000  0.784711  0.586232  0.435466\n",
      "6hr             0.347149  0.499851  0.784711  1.000000  0.780530  0.585460\n",
      "12hr            0.433523  0.374608  0.586232  0.780530  1.000000  0.785224\n",
      "24hr            0.485488  0.278407  0.435466  0.585460  0.785224  1.000000\n",
      "\n",
      "\n",
      "Bagong Nayon\n",
      "             water_level       1hr       3hr       6hr      12hr      24hr\n",
      "water_level     1.000000  0.203223  0.314615  0.415564  0.513028  0.568774\n",
      "1hr             0.203223  1.000000  0.700167  0.521259  0.391663  0.293764\n",
      "3hr             0.314615  0.700167  1.000000  0.800037  0.600841  0.444460\n",
      "6hr             0.415564  0.521259  0.800037  1.000000  0.793363  0.588727\n",
      "12hr            0.513028  0.391663  0.600841  0.793363  1.000000  0.784661\n",
      "24hr            0.568774  0.293764  0.444460  0.588727  0.784661  1.000000\n",
      "\n",
      "\n",
      "Boso Boso\n",
      "             water_level       1hr       3hr       6hr      12hr      24hr\n",
      "water_level     1.000000  0.155257  0.242987  0.335503  0.431756  0.499803\n",
      "1hr             0.155257  1.000000  0.697644  0.518046  0.388586  0.299531\n",
      "3hr             0.242987  0.697644  1.000000  0.791097  0.593418  0.452181\n",
      "6hr             0.335503  0.518046  0.791097  1.000000  0.788482  0.601292\n",
      "12hr            0.431756  0.388586  0.593418  0.788482  1.000000  0.792016\n",
      "24hr            0.499803  0.299531  0.452181  0.601292  0.792016  1.000000\n",
      "\n",
      "\n",
      "Calawis\n",
      "             water_level       1hr       3hr       6hr      12hr      24hr\n",
      "water_level     1.000000  0.143707  0.224592  0.314385  0.427955  0.495478\n",
      "1hr             0.143707  1.000000  0.712184  0.564867  0.435296  0.322150\n",
      "3hr             0.224592  0.712184  1.000000  0.832655  0.648233  0.481819\n",
      "6hr             0.314385  0.564867  0.832655  1.000000  0.826048  0.622932\n",
      "12hr            0.427955  0.435296  0.648233  0.826048  1.000000  0.812740\n",
      "24hr            0.495478  0.322150  0.481819  0.622932  0.812740  1.000000\n",
      "\n",
      "\n",
      "Guadanoville\n",
      "             water_level       1hr       3hr       6hr      12hr      24hr\n",
      "water_level     1.000000  0.110546  0.180819  0.259437  0.324873  0.364543\n",
      "1hr             0.110546  1.000000  0.672893  0.482125  0.342986  0.244728\n",
      "3hr             0.180819  0.672893  1.000000  0.767311  0.549730  0.388635\n",
      "6hr             0.259437  0.482125  0.767311  1.000000  0.755457  0.534100\n",
      "12hr            0.324873  0.342986  0.549730  0.755457  1.000000  0.742582\n",
      "24hr            0.364543  0.244728  0.388635  0.534100  0.742582  1.000000\n",
      "\n",
      "\n",
      "Ko-Phil IT Center\n",
      "             water_level       1hr       3hr       6hr      12hr      24hr\n",
      "water_level     1.000000  0.186660  0.293114  0.392143  0.487009  0.549907\n",
      "1hr             0.186660  1.000000  0.669096  0.493743  0.365914  0.279936\n",
      "3hr             0.293114  0.669096  1.000000  0.779288  0.577478  0.432314\n",
      "6hr             0.392143  0.493743  0.779288  1.000000  0.777745  0.572693\n",
      "12hr            0.487009  0.365914  0.577478  0.777745  1.000000  0.771573\n",
      "24hr            0.549907  0.279936  0.432314  0.572693  0.771573  1.000000\n",
      "\n",
      "\n",
      "La Mesa Dam\n",
      "             water_level       1hr       3hr       6hr      12hr      24hr\n",
      "water_level     1.000000  0.104733  0.175505  0.241152  0.285919  0.305546\n",
      "1hr             0.104733  1.000000  0.662340  0.477589  0.349837  0.270165\n",
      "3hr             0.175505  0.662340  1.000000  0.769698  0.558341  0.422866\n",
      "6hr             0.241152  0.477589  0.769698  1.000000  0.760853  0.562887\n",
      "12hr            0.285919  0.349837  0.558341  0.760853  1.000000  0.764713\n",
      "24hr            0.305546  0.270165  0.422866  0.562887  0.764713  1.000000\n",
      "\n",
      "\n",
      "Macabud\n",
      "             water_level       1hr       3hr       6hr      12hr      24hr\n",
      "water_level     1.000000  0.162729  0.273057  0.384841  0.493957  0.557779\n",
      "1hr             0.162729  1.000000  0.677852  0.515677  0.382812  0.273432\n",
      "3hr             0.273057  0.677852  1.000000  0.800358  0.597833  0.427987\n",
      "6hr             0.384841  0.515677  0.800358  1.000000  0.792441  0.572486\n",
      "12hr            0.493957  0.382812  0.597833  0.792441  1.000000  0.775154\n",
      "24hr            0.557779  0.273432  0.427987  0.572486  0.775154  1.000000\n",
      "\n",
      "\n",
      "Mandaluyong\n",
      "             water_level       1hr       3hr       6hr      12hr      24hr\n",
      "water_level     1.000000  0.157675  0.254392  0.339777  0.422977  0.477947\n",
      "1hr             0.157675  1.000000  0.633127  0.459201  0.339962  0.255727\n",
      "3hr             0.254392  0.633127  1.000000  0.761250  0.558314  0.419104\n",
      "6hr             0.339777  0.459201  0.761250  1.000000  0.760116  0.569686\n",
      "12hr            0.422977  0.339962  0.558314  0.760116  1.000000  0.771164\n",
      "24hr            0.477947  0.255727  0.419104  0.569686  0.771164  1.000000\n",
      "\n",
      "\n",
      "Marikina (Youth Camp)\n",
      "             water_level       1hr       3hr       6hr      12hr      24hr\n",
      "water_level     1.000000  0.066413  0.116850  0.148779  0.160268  0.153724\n",
      "1hr             0.066413  1.000000  0.650661  0.472058  0.333867  0.254052\n",
      "3hr             0.116850  0.650661  1.000000  0.770440  0.547788  0.411236\n",
      "6hr             0.148779  0.472058  0.770440  1.000000  0.752792  0.557126\n",
      "12hr            0.160268  0.333867  0.547788  0.752792  1.000000  0.757417\n",
      "24hr            0.153724  0.254052  0.411236  0.557126  0.757417  1.000000\n",
      "\n",
      "\n",
      "Mt. Aries\n",
      "             water_level       1hr       3hr       6hr      12hr      24hr\n",
      "water_level     1.000000  0.163089  0.260410  0.350227  0.440723  0.497986\n",
      "1hr             0.163089  1.000000  0.682601  0.507391  0.374849  0.281821\n",
      "3hr             0.260410  0.682601  1.000000  0.790181  0.586519  0.437190\n",
      "6hr             0.350227  0.507391  0.790181  1.000000  0.783068  0.581393\n",
      "12hr            0.440723  0.374849  0.586519  0.783068  1.000000  0.777956\n",
      "24hr            0.497986  0.281821  0.437190  0.581393  0.777956  1.000000\n",
      "\n",
      "\n",
      "Mt. Campana\n",
      "             water_level       1hr       3hr       6hr      12hr      24hr\n",
      "water_level     1.000000  0.152937  0.236336  0.329459  0.447697  0.544006\n",
      "1hr             0.152937  1.000000  0.709778  0.544952  0.414113  0.320908\n",
      "3hr             0.236336  0.709778  1.000000  0.811190  0.621568  0.476830\n",
      "6hr             0.329459  0.544952  0.811190  1.000000  0.809963  0.621302\n",
      "12hr            0.447697  0.414113  0.621568  0.809963  1.000000  0.805765\n",
      "24hr            0.544006  0.320908  0.476830  0.621302  0.805765  1.000000\n",
      "\n",
      "\n",
      "Mt. Oro\n",
      "             water_level       1hr       3hr       6hr      12hr      24hr\n",
      "water_level     1.000000  0.139937  0.237987  0.333371  0.421909  0.483211\n",
      "1hr             0.139937  1.000000  0.684692  0.511520  0.373498  0.277216\n",
      "3hr             0.237987  0.684692  1.000000  0.798883  0.582861  0.427285\n",
      "6hr             0.333371  0.511520  0.798883  1.000000  0.781123  0.567084\n",
      "12hr            0.421909  0.373498  0.582861  0.781123  1.000000  0.766312\n",
      "24hr            0.483211  0.277216  0.427285  0.567084  0.766312  1.000000\n",
      "\n",
      "\n",
      "Nangka\n",
      "             water_level       1hr       3hr       6hr      12hr      24hr\n",
      "water_level     1.000000  0.178102  0.273586  0.353819  0.436104  0.491018\n",
      "1hr             0.178102  1.000000  0.677730  0.487969  0.359609  0.281705\n",
      "3hr             0.273586  0.677730  1.000000  0.774935  0.567329  0.436085\n",
      "6hr             0.353819  0.487969  0.774935  1.000000  0.767345  0.584584\n",
      "12hr            0.436104  0.359609  0.567329  0.767345  1.000000  0.776835\n",
      "24hr            0.491018  0.281705  0.436085  0.584584  0.776835  1.000000\n",
      "\n",
      "\n",
      "Napindan\n",
      "             water_level       1hr       3hr       6hr      12hr      24hr\n",
      "water_level     1.000000  0.173219  0.273163  0.359578  0.438292  0.490831\n",
      "1hr             0.173219  1.000000  0.662015  0.496526  0.376341  0.279757\n",
      "3hr             0.273163  0.662015  1.000000  0.785143  0.592743  0.440176\n",
      "6hr             0.359578  0.496526  0.785143  1.000000  0.787639  0.593508\n",
      "12hr            0.438292  0.376341  0.592743  0.787639  1.000000  0.791929\n",
      "24hr            0.490831  0.279757  0.440176  0.593508  0.791929  1.000000\n",
      "\n",
      "\n",
      "Pacweld\n",
      "             water_level       1hr       3hr       6hr      12hr      24hr\n",
      "water_level     1.000000  0.115701  0.187854  0.254293  0.309792  0.336614\n",
      "1hr             0.115701  1.000000  0.673533  0.476694  0.352909  0.267833\n",
      "3hr             0.187854  0.673533  1.000000  0.768210  0.563564  0.420819\n",
      "6hr             0.254293  0.476694  0.768210  1.000000  0.762932  0.567028\n",
      "12hr            0.309792  0.352909  0.563564  0.762932  1.000000  0.766993\n",
      "24hr            0.336614  0.267833  0.420819  0.567028  0.766993  1.000000\n",
      "\n",
      "\n",
      "Pasig City Hall\n",
      "             water_level       1hr       3hr       6hr      12hr      24hr\n",
      "water_level     1.000000  0.065005  0.118077  0.159967  0.183252  0.199320\n",
      "1hr             0.065005  1.000000  0.651962  0.456712  0.319536  0.240985\n",
      "3hr             0.118077  0.651962  1.000000  0.752369  0.530202  0.390648\n",
      "6hr             0.159967  0.456712  0.752369  1.000000  0.739453  0.539808\n",
      "12hr            0.183252  0.319536  0.530202  0.739453  1.000000  0.740579\n",
      "24hr            0.199320  0.240985  0.390648  0.539808  0.740579  1.000000\n",
      "\n",
      "\n",
      "Pintong Bukawe\n",
      "             water_level       1hr       3hr       6hr      12hr      24hr\n",
      "water_level     1.000000  0.122444  0.201581  0.282931  0.373159  0.414010\n",
      "1hr             0.122444  1.000000  0.661405  0.504515  0.377603  0.276194\n",
      "3hr             0.201581  0.661405  1.000000  0.796312  0.603227  0.441780\n",
      "6hr             0.282931  0.504515  0.796312  1.000000  0.795292  0.591605\n",
      "12hr            0.373159  0.377603  0.603227  0.795292  1.000000  0.787345\n",
      "24hr            0.414010  0.276194  0.441780  0.591605  0.787345  1.000000\n",
      "\n",
      "\n"
     ]
    },
    {
     "name": "stdout",
     "output_type": "stream",
     "text": [
      "Port Area Synop\n",
      "             water_level       1hr       3hr       6hr      12hr      24hr\n",
      "water_level     1.000000  0.177505  0.271138  0.351871  0.430885  0.484508\n",
      "1hr             0.177505  1.000000  0.664605  0.499244  0.373798  0.277504\n",
      "3hr             0.271138  0.664605  1.000000  0.783941  0.590972  0.435055\n",
      "6hr             0.351871  0.499244  0.783941  1.000000  0.788548  0.582662\n",
      "12hr            0.430885  0.373798  0.590972  0.788548  1.000000  0.778749\n",
      "24hr            0.484508  0.277504  0.435055  0.582662  0.778749  1.000000\n",
      "\n",
      "\n",
      "San Mateo-2\n",
      "             water_level       1hr       3hr       6hr      12hr      24hr\n",
      "water_level     1.000000  0.183322  0.293774  0.392626  0.495021  0.561615\n",
      "1hr             0.183322  1.000000  0.670335  0.489411  0.360580  0.262581\n",
      "3hr             0.293774  0.670335  1.000000  0.776941  0.575040  0.416419\n",
      "6hr             0.392626  0.489411  0.776941  1.000000  0.775678  0.563725\n",
      "12hr            0.495021  0.360580  0.575040  0.775678  1.000000  0.765766\n",
      "24hr            0.561615  0.262581  0.416419  0.563725  0.765766  1.000000\n",
      "\n",
      "\n",
      "San Pedro 9 Chapel\n",
      "             water_level       1hr       3hr       6hr      12hr      24hr\n",
      "water_level     1.000000  0.146607  0.236542  0.320620  0.397752  0.435981\n",
      "1hr             0.146607  1.000000  0.668793  0.481699  0.348688  0.253475\n",
      "3hr             0.236542  0.668793  1.000000  0.769784  0.558037  0.400161\n",
      "6hr             0.320620  0.481699  0.769784  1.000000  0.761660  0.543130\n",
      "12hr            0.397752  0.348688  0.558037  0.761660  1.000000  0.751082\n",
      "24hr            0.435981  0.253475  0.400161  0.543130  0.751082  1.000000\n",
      "\n",
      "\n",
      "Science Garden\n",
      "             water_level       1hr       3hr       6hr      12hr      24hr\n",
      "water_level     1.000000  0.150440  0.245778  0.325696  0.400981  0.449978\n",
      "1hr             0.150440  1.000000  0.637914  0.466808  0.350890  0.257522\n",
      "3hr             0.245778  0.637914  1.000000  0.764306  0.568006  0.420782\n",
      "6hr             0.325696  0.466808  0.764306  1.000000  0.767211  0.570372\n",
      "12hr            0.400981  0.350890  0.568006  0.767211  1.000000  0.772418\n",
      "24hr            0.449978  0.257522  0.420782  0.570372  0.772418  1.000000\n",
      "\n",
      "\n",
      "Sitio Wawa\n",
      "             water_level       1hr       3hr       6hr      12hr      24hr\n",
      "water_level     1.000000  0.179560  0.286152  0.398378  0.517373  0.587501\n",
      "1hr             0.179560  1.000000  0.711460  0.535107  0.391127  0.297218\n",
      "3hr             0.286152  0.711460  1.000000  0.810809  0.598664  0.446560\n",
      "6hr             0.398378  0.535107  0.810809  1.000000  0.793658  0.586454\n",
      "12hr            0.517373  0.391127  0.598664  0.793658  1.000000  0.777973\n",
      "24hr            0.587501  0.297218  0.446560  0.586454  0.777973  1.000000\n",
      "\n",
      "\n",
      "Taytay\n",
      "             water_level       1hr       3hr       6hr      12hr      24hr\n",
      "water_level     1.000000  0.175347  0.277906  0.377171  0.473168  0.530134\n",
      "1hr             0.175347  1.000000  0.669355  0.492410  0.367369  0.274081\n",
      "3hr             0.277906  0.669355  1.000000  0.781377  0.580015  0.429016\n",
      "6hr             0.377171  0.492410  0.781377  1.000000  0.777758  0.579696\n",
      "12hr            0.473168  0.367369  0.580015  0.777758  1.000000  0.780554\n",
      "24hr            0.530134  0.274081  0.429016  0.579696  0.780554  1.000000\n",
      "\n",
      "\n",
      "Valenzuela NHS\n",
      "             water_level       1hr       3hr       6hr      12hr      24hr\n",
      "water_level     1.000000  0.160019  0.248490  0.330565  0.408267  0.447663\n",
      "1hr             0.160019  1.000000  0.674530  0.481203  0.364947  0.273323\n",
      "3hr             0.248490  0.674530  1.000000  0.770200  0.571700  0.426352\n",
      "6hr             0.330565  0.481203  0.770200  1.000000  0.766646  0.571636\n",
      "12hr            0.408267  0.364947  0.571700  0.766646  1.000000  0.772062\n",
      "24hr            0.447663  0.273323  0.426352  0.571636  0.772062  1.000000\n",
      "\n",
      "\n"
     ]
    }
   ],
   "source": [
    "stations = df['station'].unique()\n",
    "\n",
    "for station in stations:\n",
    "    df_subset = df[df['station'] == station]\n",
    "    print(f'{station}\\n{df_subset.corr()}\\n\\n')\n",
    "    \n",
    "# Sitio Wawa has highest correlation between water level and 24hr rain"
   ]
  },
  {
   "cell_type": "markdown",
   "id": "740b8142",
   "metadata": {},
   "source": [
    "### Viewing Station with highest correlation between water level and 24hr rainfall"
   ]
  },
  {
   "cell_type": "code",
   "execution_count": 8,
   "id": "10894c31",
   "metadata": {},
   "outputs": [
    {
     "data": {
      "text/html": [
       "<div>\n",
       "<style scoped>\n",
       "    .dataframe tbody tr th:only-of-type {\n",
       "        vertical-align: middle;\n",
       "    }\n",
       "\n",
       "    .dataframe tbody tr th {\n",
       "        vertical-align: top;\n",
       "    }\n",
       "\n",
       "    .dataframe thead th {\n",
       "        text-align: right;\n",
       "    }\n",
       "</style>\n",
       "<table border=\"1\" class=\"dataframe\">\n",
       "  <thead>\n",
       "    <tr style=\"text-align: right;\">\n",
       "      <th></th>\n",
       "      <th>datetime</th>\n",
       "      <th>water_level</th>\n",
       "      <th>station</th>\n",
       "      <th>1hr</th>\n",
       "      <th>3hr</th>\n",
       "      <th>6hr</th>\n",
       "      <th>12hr</th>\n",
       "      <th>24hr</th>\n",
       "    </tr>\n",
       "  </thead>\n",
       "  <tbody>\n",
       "    <tr>\n",
       "      <th>23</th>\n",
       "      <td>2022-01-01 00:00:00</td>\n",
       "      <td>11.64</td>\n",
       "      <td>Sitio Wawa</td>\n",
       "      <td>0.0</td>\n",
       "      <td>0.0</td>\n",
       "      <td>0.0</td>\n",
       "      <td>0.0</td>\n",
       "      <td>0.0</td>\n",
       "    </tr>\n",
       "    <tr>\n",
       "      <th>49</th>\n",
       "      <td>2022-01-01 01:00:00</td>\n",
       "      <td>11.61</td>\n",
       "      <td>Sitio Wawa</td>\n",
       "      <td>0.0</td>\n",
       "      <td>0.0</td>\n",
       "      <td>0.0</td>\n",
       "      <td>0.0</td>\n",
       "      <td>0.0</td>\n",
       "    </tr>\n",
       "    <tr>\n",
       "      <th>75</th>\n",
       "      <td>2022-01-01 02:00:00</td>\n",
       "      <td>11.58</td>\n",
       "      <td>Sitio Wawa</td>\n",
       "      <td>0.0</td>\n",
       "      <td>0.0</td>\n",
       "      <td>0.0</td>\n",
       "      <td>0.0</td>\n",
       "      <td>0.0</td>\n",
       "    </tr>\n",
       "    <tr>\n",
       "      <th>101</th>\n",
       "      <td>2022-01-01 03:00:00</td>\n",
       "      <td>11.55</td>\n",
       "      <td>Sitio Wawa</td>\n",
       "      <td>0.0</td>\n",
       "      <td>0.0</td>\n",
       "      <td>0.0</td>\n",
       "      <td>0.0</td>\n",
       "      <td>0.0</td>\n",
       "    </tr>\n",
       "    <tr>\n",
       "      <th>127</th>\n",
       "      <td>2022-01-01 04:00:00</td>\n",
       "      <td>11.49</td>\n",
       "      <td>Sitio Wawa</td>\n",
       "      <td>0.0</td>\n",
       "      <td>0.0</td>\n",
       "      <td>0.0</td>\n",
       "      <td>0.0</td>\n",
       "      <td>0.0</td>\n",
       "    </tr>\n",
       "    <tr>\n",
       "      <th>...</th>\n",
       "      <td>...</td>\n",
       "      <td>...</td>\n",
       "      <td>...</td>\n",
       "      <td>...</td>\n",
       "      <td>...</td>\n",
       "      <td>...</td>\n",
       "      <td>...</td>\n",
       "      <td>...</td>\n",
       "    </tr>\n",
       "    <tr>\n",
       "      <th>227679</th>\n",
       "      <td>2022-12-31 20:00:00</td>\n",
       "      <td>12.11</td>\n",
       "      <td>Sitio Wawa</td>\n",
       "      <td>0.0</td>\n",
       "      <td>0.0</td>\n",
       "      <td>0.0</td>\n",
       "      <td>0.0</td>\n",
       "      <td>0.0</td>\n",
       "    </tr>\n",
       "    <tr>\n",
       "      <th>227705</th>\n",
       "      <td>2022-12-31 21:00:00</td>\n",
       "      <td>12.11</td>\n",
       "      <td>Sitio Wawa</td>\n",
       "      <td>0.0</td>\n",
       "      <td>0.0</td>\n",
       "      <td>0.0</td>\n",
       "      <td>0.0</td>\n",
       "      <td>0.0</td>\n",
       "    </tr>\n",
       "    <tr>\n",
       "      <th>227731</th>\n",
       "      <td>2022-12-31 22:00:00</td>\n",
       "      <td>12.09</td>\n",
       "      <td>Sitio Wawa</td>\n",
       "      <td>0.0</td>\n",
       "      <td>0.0</td>\n",
       "      <td>0.0</td>\n",
       "      <td>0.0</td>\n",
       "      <td>0.0</td>\n",
       "    </tr>\n",
       "    <tr>\n",
       "      <th>227757</th>\n",
       "      <td>2022-12-31 23:00:00</td>\n",
       "      <td>12.09</td>\n",
       "      <td>Sitio Wawa</td>\n",
       "      <td>0.0</td>\n",
       "      <td>0.0</td>\n",
       "      <td>0.0</td>\n",
       "      <td>0.0</td>\n",
       "      <td>0.0</td>\n",
       "    </tr>\n",
       "    <tr>\n",
       "      <th>227783</th>\n",
       "      <td>2023-01-01 00:00:00</td>\n",
       "      <td>12.08</td>\n",
       "      <td>Sitio Wawa</td>\n",
       "      <td>0.0</td>\n",
       "      <td>0.0</td>\n",
       "      <td>0.0</td>\n",
       "      <td>0.0</td>\n",
       "      <td>0.0</td>\n",
       "    </tr>\n",
       "  </tbody>\n",
       "</table>\n",
       "<p>8761 rows × 8 columns</p>\n",
       "</div>"
      ],
      "text/plain": [
       "                  datetime  water_level     station  1hr  3hr  6hr  12hr  24hr\n",
       "23     2022-01-01 00:00:00        11.64  Sitio Wawa  0.0  0.0  0.0   0.0   0.0\n",
       "49     2022-01-01 01:00:00        11.61  Sitio Wawa  0.0  0.0  0.0   0.0   0.0\n",
       "75     2022-01-01 02:00:00        11.58  Sitio Wawa  0.0  0.0  0.0   0.0   0.0\n",
       "101    2022-01-01 03:00:00        11.55  Sitio Wawa  0.0  0.0  0.0   0.0   0.0\n",
       "127    2022-01-01 04:00:00        11.49  Sitio Wawa  0.0  0.0  0.0   0.0   0.0\n",
       "...                    ...          ...         ...  ...  ...  ...   ...   ...\n",
       "227679 2022-12-31 20:00:00        12.11  Sitio Wawa  0.0  0.0  0.0   0.0   0.0\n",
       "227705 2022-12-31 21:00:00        12.11  Sitio Wawa  0.0  0.0  0.0   0.0   0.0\n",
       "227731 2022-12-31 22:00:00        12.09  Sitio Wawa  0.0  0.0  0.0   0.0   0.0\n",
       "227757 2022-12-31 23:00:00        12.09  Sitio Wawa  0.0  0.0  0.0   0.0   0.0\n",
       "227783 2023-01-01 00:00:00        12.08  Sitio Wawa  0.0  0.0  0.0   0.0   0.0\n",
       "\n",
       "[8761 rows x 8 columns]"
      ]
     },
     "execution_count": 8,
     "metadata": {},
     "output_type": "execute_result"
    }
   ],
   "source": [
    "temp_df = df[df['station']=='Sitio Wawa']\n",
    "temp_df"
   ]
  },
  {
   "cell_type": "code",
   "execution_count": 9,
   "id": "85d1c5f2",
   "metadata": {},
   "outputs": [
    {
     "data": {
